Time elapsed: 3450.775388
Amount of centers: 23
Final centers: [array([2.44385733e-01, 0.00000000e+00, 5.65389696e-01, 2.17965654e-01,
       5.89381458e+04, 8.07064509e+03, 0.00000000e+00, 0.00000000e+00,
       0.00000000e+00, 1.88727433e+00, 0.00000000e+00, 9.92514311e-01,
       9.33069133e-01, 0.00000000e+00, 0.00000000e+00, 9.68736240e-03,
       0.00000000e+00, 0.00000000e+00, 0.00000000e+00, 0.00000000e+00,
       0.00000000e+00, 0.00000000e+00, 3.44693967e+00, 3.71334214e+00,
       3.56671070e-03, 3.78687803e-03, 3.25363276e-02, 8.59709379e-02,
       9.98881550e-01, 2.25011008e-03, 1.14341700e-01, 2.03656539e+02,
       2.01661383e+02, 9.73760458e-01, 3.05592250e-03, 2.17129018e-02,
       8.41039190e-04, 2.67283135e-03, 2.50550418e-03, 4.57727873e-02,
       4.57331572e-02, 1.24332893e+01]), array([7.69656700e-01, 0.00000000e+00, 1.16987818e+01, 1.10741971e-02,
       6.52743300e+03, 6.07851606e+01, 0.00000000e+00, 0.00000000e+00,
       0.00000000e+00, 0.00000000e+00, 0.00000000e+00, 8.33887043e-01,
       0.00000000e+00, 0.00000000e+00, 0.00000000e+00, 0.00000000e+00,
       3.76522702e-02, 4.54042082e-02, 1.10741971e-03, 0.00000000e+00,
       0.00000000e+00, 0.00000000e+00, 7.59689922e+00, 7.60132890e+00,
       3.58803987e-03, 3.21151717e-03, 1.10741971e-03, 1.10741971e-03,
       9.73311185e-01, 2.66112957e-02, 1.05625692e-01, 1.32188261e+02,
       7.85049834e+01, 4.36312292e-01, 6.77076412e-02, 3.34186047e-01,
       2.20930233e-02, 9.72314507e-03, 3.94241417e-03, 1.04097453e-02,
       5.42635659e-04, 7.08748616e-01]), array([2.49819686e+00, 7.76410692e-02, 2.44983029e+00, 6.36402206e-04,
       1.45914871e+03, 2.99097051e+02, 0.00000000e+00, 2.74713619e-02,
       0.00000000e+00, 1.27280441e-03, 0.00000000e+00, 9.42193466e-01,
       0.00000000e+00, 0.00000000e+00, 1.06067034e-04, 2.86380993e-03,
       1.59100552e-02, 0.00000000e+00, 1.07127705e-02, 0.00000000e+00,
       0.00000000e+00, 0.00000000e+00, 2.20131523e+00, 2.81873144e+00,
       3.50021213e-04, 6.83071701e-04, 1.06067034e-04, 2.47136190e-04,
       9.83495969e-01, 2.94983029e-02, 4.05498515e-01, 1.21234514e+02,
       1.28663025e+02, 6.32866992e-01, 7.19219347e-02, 8.85670344e-02,
       1.76325838e-02, 7.82244378e-03, 2.42363174e-03, 7.21149767e-03,
       1.14234196e-03, 3.19792109e-01]), array([3.12928571e+02, 0.00000000e+00, 3.00751880e-01, 1.50375940e-02,
       3.22387218e+02, 6.66486241e+04, 0.00000000e+00, 0.00000000e+00,
       0.00000000e+00, 2.25563910e-02, 3.75939850e-03, 1.00000000e+00,
       2.36090226e+00, 1.87969925e-02, 2.63157895e-02, 2.65037594e+00,
       1.20300752e-01, 0.00000000e+00, 4.13533835e-02, 0.00000000e+00,
       0.00000000e+00, 0.00000000e+00, 5.48120301e+00, 8.05263158e+00,
       5.26315789e-03, 5.33834586e-03, 0.00000000e+00, 2.25563910e-03,
       9.98120301e-01, 3.75939850e-03, 1.02330827e-01, 8.20375940e+01,
       2.35165414e+02, 9.56541353e-01, 6.76691729e-03, 9.70300752e-02,
       2.97744361e-02, 1.25187970e-02, 1.28571429e-02, 8.30827068e-03,
       8.49624060e-03, 3.75939850e-03]), array([2.95454545e+00, 0.00000000e+00, 9.36950147e+00, 1.33431085e-01,
       1.29499296e+04, 5.20420821e+02, 0.00000000e+00, 0.00000000e+00,
       0.00000000e+00, 2.63929619e-02, 0.00000000e+00, 8.46041056e-01,
       1.17302053e-02, 0.00000000e+00, 0.00000000e+00, 0.00000000e+00,
       7.18475073e-02, 0.00000000e+00, 3.22580645e-02, 0.00000000e+00,
       0.00000000e+00, 0.00000000e+00, 4.99120235e+00, 5.32991202e+00,
       3.47507331e-03, 2.53665689e-03, 6.64222874e-03, 7.78592375e-03,
       9.90718475e-01, 1.20967742e-02, 1.97272727e-01, 1.18255132e+02,
       9.25909091e+01, 4.85131965e-01, 6.84897361e-02, 2.59428152e-01,
       1.84457478e-02, 9.57478006e-03, 1.45161290e-03, 1.41935484e-02,
       5.19061584e-03, 2.09677419e-01]), array([2.0000000e+00, 0.0000000e+00, 4.0000000e+00, 6.0000000e+00,
       6.9337564e+08, 0.0000000e+00, 0.0000000e+00, 0.0000000e+00,
       0.0000000e+00, 1.0000000e+00, 0.0000000e+00, 0.0000000e+00,
       0.0000000e+00, 0.0000000e+00, 0.0000000e+00, 0.0000000e+00,
       0.0000000e+00, 0.0000000e+00, 0.0000000e+00, 0.0000000e+00,
       0.0000000e+00, 0.0000000e+00, 5.7000000e+01, 3.0000000e+00,
       7.9000000e-01, 6.7000000e-01, 2.1000000e-01, 3.3000000e-01,
       5.0000000e-02, 3.9000000e-01, 0.0000000e+00, 2.5500000e+02,
       3.0000000e+00, 1.0000000e-02, 9.0000000e-02, 2.2000000e-01,
       0.0000000e+00, 1.8000000e-01, 6.7000000e-01, 5.0000000e-02,
       3.3000000e-01, 9.0000000e+00]), array([8.3000000e+01, 0.0000000e+00, 5.0000000e+00, 0.0000000e+00,
       6.7560000e+02, 2.4660582e+06, 0.0000000e+00, 0.0000000e+00,
       0.0000000e+00, 0.0000000e+00, 0.0000000e+00, 1.0000000e+00,
       0.0000000e+00, 0.0000000e+00, 0.0000000e+00, 0.0000000e+00,
       0.0000000e+00, 0.0000000e+00, 0.0000000e+00, 0.0000000e+00,
       0.0000000e+00, 0.0000000e+00, 1.0000000e+00, 1.0000000e+00,
       0.0000000e+00, 0.0000000e+00, 0.0000000e+00, 0.0000000e+00,
       1.0000000e+00, 0.0000000e+00, 0.0000000e+00, 1.3960000e+02,
       3.1200000e+01, 1.9400000e-01, 4.6000000e-02, 1.4000000e-02,
       1.3000000e-01, 0.0000000e+00, 0.0000000e+00, 0.0000000e+00,
       0.0000000e+00, 0.0000000e+00]), array([3.69333333e+01, 0.00000000e+00, 5.60000000e+00, 0.00000000e+00,
       5.02000000e+02, 1.43976307e+06, 0.00000000e+00, 0.00000000e+00,
       0.00000000e+00, 0.00000000e+00, 0.00000000e+00, 9.33333333e-01,
       0.00000000e+00, 0.00000000e+00, 0.00000000e+00, 0.00000000e+00,
       0.00000000e+00, 0.00000000e+00, 0.00000000e+00, 0.00000000e+00,
       0.00000000e+00, 0.00000000e+00, 1.06666667e+00, 1.06666667e+00,
       0.00000000e+00, 0.00000000e+00, 0.00000000e+00, 0.00000000e+00,
       1.00000000e+00, 0.00000000e+00, 0.00000000e+00, 1.47066667e+02,
       3.10666667e+01, 2.49333333e-01, 2.93333333e-02, 7.53333333e-02,
       2.00000000e-02, 0.00000000e+00, 0.00000000e+00, 6.66666667e-04,
       0.00000000e+00, 1.26666667e+00]), array([1.65223979e+04, 7.92321117e-01, 1.08394415e+01, 1.22338569e+00,
       2.09225131e+02, 4.21040140e+02, 0.00000000e+00, 0.00000000e+00,
       0.00000000e+00, 3.24607330e-01, 0.00000000e+00, 6.80628272e-02,
       5.23560209e-03, 0.00000000e+00, 0.00000000e+00, 0.00000000e+00,
       2.79232112e-02, 0.00000000e+00, 1.74520070e-03, 0.00000000e+00,
       0.00000000e+00, 3.83944154e-02, 1.72251309e+00, 1.32460733e+00,
       0.00000000e+00, 0.00000000e+00, 1.52705061e-01, 1.53577661e-01,
       9.06492147e-01, 9.30890052e-02, 3.22862129e-03, 2.43713787e+02,
       4.11867365e+00, 2.42408377e-02, 6.67260035e-01, 8.80628272e-01,
       2.26876091e-04, 9.58115183e-03, 4.53752182e-03, 1.28952880e-01,
       1.44083770e-01, 1.94589878e+00]), array([3.370000e+01, 0.000000e+00, 5.950000e+00, 1.500000e-01,
       6.055500e+02, 7.446222e+05, 0.000000e+00, 0.000000e+00,
       0.000000e+00, 0.000000e+00, 0.000000e+00, 9.000000e-01,
       0.000000e+00, 0.000000e+00, 0.000000e+00, 0.000000e+00,
       0.000000e+00, 0.000000e+00, 0.000000e+00, 0.000000e+00,
       0.000000e+00, 0.000000e+00, 1.500000e+00, 2.150000e+00,
       7.500000e-02, 5.350000e-02, 0.000000e+00, 0.000000e+00,
       9.750000e-01, 5.000000e-02, 5.650000e-02, 1.499500e+02,
       7.100000e+01, 4.490000e-01, 1.800000e-02, 1.100000e-01,
       1.800000e-02, 2.800000e-02, 2.750000e-02, 1.000000e-02,
       2.900000e-02, 1.600000e+00]), array([7.02160714e+02, 0.00000000e+00, 1.42857143e+00, 1.42857143e-01,
       4.38642857e+02, 1.72105482e+05, 0.00000000e+00, 0.00000000e+00,
       0.00000000e+00, 3.57142857e-02, 0.00000000e+00, 9.82142857e-01,
       1.37142857e+01, 1.78571429e-02, 3.57142857e-02, 1.53035714e+01,
       1.78571429e-01, 0.00000000e+00, 1.07142857e-01, 0.00000000e+00,
       0.00000000e+00, 0.00000000e+00, 5.51785714e+00, 8.14285714e+00,
       1.25000000e-03, 1.25000000e-03, 1.78571429e-02, 1.78571429e-02,
       9.91071429e-01, 1.78571429e-02, 5.19642857e-02, 8.59821429e+01,
       1.81464286e+02, 7.60000000e-01, 1.28571429e-02, 4.33928571e-02,
       2.73214286e-02, 1.57142857e-02, 1.41071429e-02, 9.46428571e-03,
       1.80357143e-02, 0.00000000e+00]), array([1.52573497e+01, 0.00000000e+00, 1.34829833e-01, 1.54960174e-02,
       2.61373497e+02, 8.29674960e+03, 0.00000000e+00, 0.00000000e+00,
       1.44822592e-04, 7.53077480e-03, 0.00000000e+00, 9.98841419e-01,
       1.36133237e-02, 1.01375815e-03, 0.00000000e+00, 1.08616944e-02,
       5.06879073e-03, 5.79290369e-04, 1.15858074e-03, 0.00000000e+00,
       0.00000000e+00, 0.00000000e+00, 7.98942795e+00, 1.10764663e+01,
       1.90152064e-03, 2.44315713e-03, 2.03475742e-03, 3.16292542e-03,
       9.99826213e-01, 3.47574222e-04, 1.12188269e-01, 1.16954815e+02,
       2.46439681e+02, 9.92622737e-01, 9.48587980e-04, 7.43244026e-02,
       2.58305576e-02, 1.98406951e-03, 1.21795800e-03, 7.03113686e-03,
       1.05242578e-02, 2.43301955e-02]), array([3.78490048e+03, 9.94652406e-01, 9.99643494e+00, 1.30718954e-02,
       1.49682412e+02, 1.19145276e+02, 0.00000000e+00, 0.00000000e+00,
       0.00000000e+00, 5.43672014e-02, 2.97088532e-04, 4.45632799e-03,
       0.00000000e+00, 0.00000000e+00, 2.97088532e-04, 0.00000000e+00,
       2.97088532e-04, 0.00000000e+00, 0.00000000e+00, 0.00000000e+00,
       0.00000000e+00, 2.97088532e-03, 1.57605466e+00, 1.20647653e+00,
       0.00000000e+00, 0.00000000e+00, 1.46464646e-03, 1.74093880e-03,
       9.15409982e-01, 8.29382056e-02, 6.44682115e-04, 2.51623589e+02,
       2.08942365e+00, 7.25193108e-03, 7.67248960e-01, 9.62415330e-01,
       0.00000000e+00, 4.04040404e-04, 0.00000000e+00, 9.38799762e-04,
       1.74093880e-03, 6.47653001e-02]), array([2.44712126e+01, 0.00000000e+00, 7.55870055e-02, 2.12286909e-02,
       2.61720489e+02, 1.62513480e+04, 0.00000000e+00, 0.00000000e+00,
       0.00000000e+00, 8.36281763e-03, 0.00000000e+00, 9.99356706e-01,
       1.28658733e-02, 9.64940495e-04, 0.00000000e+00, 5.78964297e-03,
       2.95915085e-02, 0.00000000e+00, 3.85976198e-03, 0.00000000e+00,
       0.00000000e+00, 0.00000000e+00, 6.96365391e+00, 9.78353168e+00,
       4.74750724e-03, 4.39691219e-03, 1.21582502e-03, 2.36410421e-03,
       9.99839177e-01, 3.21646832e-04, 1.06349308e-01, 1.23370216e+02,
       2.43346735e+02, 9.91727243e-01, 1.03891927e-03, 8.08780959e-02,
       2.37729173e-02, 4.26503699e-03, 1.46992602e-03, 5.67063364e-03,
       8.73592795e-03, 3.21646832e-04]), array([5.52277778e+02, 0.00000000e+00, 1.27222222e+01, 0.00000000e+00,
       1.08944444e+02, 5.00968983e+06, 0.00000000e+00, 0.00000000e+00,
       0.00000000e+00, 0.00000000e+00, 1.66666667e-01, 1.11111111e-01,
       1.00000000e+00, 5.55555556e-02, 1.11111111e-01, 5.00000000e-01,
       0.00000000e+00, 0.00000000e+00, 0.00000000e+00, 0.00000000e+00,
       0.00000000e+00, 0.00000000e+00, 1.11111111e+00, 1.11111111e+00,
       0.00000000e+00, 0.00000000e+00, 0.00000000e+00, 0.00000000e+00,
       1.00000000e+00, 0.00000000e+00, 0.00000000e+00, 4.39444444e+01,
       2.61666667e+01, 9.03333333e-01, 2.22222222e-03, 8.33888889e-01,
       5.55555556e-04, 4.16666667e-02, 4.77777778e-02, 4.27777778e-02,
       0.00000000e+00, 1.58333333e+01]), array([4.60850063e+00, 1.32324992e-01, 9.92275491e+00, 4.60616005e+00,
       5.83516302e+01, 1.12008598e+02, 1.34445565e-04, 1.78384820e-02,
       0.00000000e+00, 8.00562227e-03, 4.15559019e-04, 1.73037553e-01,
       5.50004583e-05, 2.44446481e-05, 6.11116204e-06, 1.54917958e-02,
       2.01668347e-04, 2.44446481e-05, 1.83334861e-04, 0.00000000e+00,
       0.00000000e+00, 1.42390075e-03, 1.31129923e+02, 1.16385370e+01,
       5.32896813e-01, 5.32580133e-01, 1.72049562e-01, 1.71795521e-01,
       3.74025850e-01, 5.92016378e-02, 4.17924649e-02, 2.21880453e+02,
       7.32750206e+01, 3.11755737e-01, 6.98325542e-02, 5.86672167e-02,
       1.43667919e-02, 5.32592844e-01, 5.32209491e-01, 1.72567177e-01,
       1.70280869e-01, 3.04580927e+00]), array([0.00000000e+00, 1.99933703e+00, 9.00066297e+00, 0.00000000e+00,
       5.19997348e+02, 2.65186672e-03, 0.00000000e+00, 0.00000000e+00,
       0.00000000e+00, 0.00000000e+00, 0.00000000e+00, 0.00000000e+00,
       0.00000000e+00, 0.00000000e+00, 0.00000000e+00, 0.00000000e+00,
       0.00000000e+00, 0.00000000e+00, 0.00000000e+00, 0.00000000e+00,
       0.00000000e+00, 0.00000000e+00, 4.93067149e+02, 4.93067149e+02,
       0.00000000e+00, 0.00000000e+00, 0.00000000e+00, 0.00000000e+00,
       1.00000000e+00, 0.00000000e+00, 0.00000000e+00, 2.54927983e+02,
       2.54927983e+02, 1.00000000e+00, 0.00000000e+00, 1.00000000e+00,
       0.00000000e+00, 0.00000000e+00, 0.00000000e+00, 0.00000000e+00,
       0.00000000e+00, 4.99668517e+00]), array([8.70095238e+02, 0.00000000e+00, 3.30952381e+00, 0.00000000e+00,
       5.38928571e+02, 3.36496214e+05, 0.00000000e+00, 0.00000000e+00,
       7.14285714e-02, 2.38095238e-02, 4.76190476e-02, 9.76190476e-01,
       2.82380952e+01, 4.76190476e-02, 7.14285714e-02, 3.05476190e+01,
       4.76190476e-02, 0.00000000e+00, 1.90476190e-01, 0.00000000e+00,
       0.00000000e+00, 0.00000000e+00, 1.69047619e+00, 2.19047619e+00,
       0.00000000e+00, 0.00000000e+00, 0.00000000e+00, 2.61904762e-03,
       1.00000000e+00, 0.00000000e+00, 3.45238095e-02, 1.37238095e+02,
       1.09476190e+02, 4.96666667e-01, 5.71428571e-02, 7.71428571e-02,
       2.54761905e-02, 9.76190476e-03, 1.90476190e-02, 2.30952381e-02,
       2.28571429e-02, 4.28571429e-01]), array([3.66493902e+03, 0.00000000e+00, 1.38536585e+01, 1.34146341e-01,
       4.31342730e+06, 0.00000000e+00, 0.00000000e+00, 0.00000000e+00,
       0.00000000e+00, 1.95121951e+00, 0.00000000e+00, 9.39024390e-01,
       0.00000000e+00, 0.00000000e+00, 0.00000000e+00, 0.00000000e+00,
       0.00000000e+00, 0.00000000e+00, 0.00000000e+00, 0.00000000e+00,
       0.00000000e+00, 0.00000000e+00, 1.20731707e+00, 1.50000000e+00,
       1.21951220e-02, 1.39024390e-02, 1.21951220e-02, 1.21951220e-02,
       9.83780488e-01, 3.25609756e-02, 4.14634146e-02, 5.38414634e+01,
       4.23780488e+01, 7.39390244e-01, 3.68292683e-02, 7.69878049e-01,
       8.13414634e-02, 7.80487805e-03, 1.74390244e-02, 6.46341463e-03,
       4.87804878e-04, 1.46341463e+01]), array([9.22869867e-01, 0.00000000e+00, 1.81128567e-01, 1.81079626e-03,
       2.80978711e+02, 2.71729785e+03, 0.00000000e+00, 0.00000000e+00,
       4.89404395e-05, 5.24641511e-01, 0.00000000e+00, 9.99853179e-01,
       5.23662702e-03, 1.37033231e-03, 4.89404395e-05, 4.89404395e-04,
       1.95761758e-03, 1.95761758e-04, 1.44374296e-02, 0.00000000e+00,
       0.00000000e+00, 2.05549846e-02, 9.31111437e+00, 1.22545392e+01,
       1.50198209e-03, 1.93314736e-03, 6.69505212e-04, 2.77688054e-03,
       9.99347624e-01, 9.56296188e-04, 9.13306905e-02, 1.33565262e+02,
       2.42112416e+02, 9.79579112e-01, 2.27083639e-03, 5.02672148e-02,
       2.18054128e-02, 1.25091763e-03, 8.95120638e-04, 5.22830715e-03,
       8.14564675e-03, 2.74751627e-01]), array([1.22854974e-04, 1.99999122e+00, 8.99996490e+00, 0.00000000e+00,
       1.03199902e+03, 2.10169759e-03, 0.00000000e+00, 0.00000000e+00,
       0.00000000e+00, 0.00000000e+00, 0.00000000e+00, 4.38767765e-06,
       0.00000000e+00, 0.00000000e+00, 0.00000000e+00, 0.00000000e+00,
       0.00000000e+00, 0.00000000e+00, 0.00000000e+00, 0.00000000e+00,
       0.00000000e+00, 0.00000000e+00, 5.10488125e+02, 5.10483311e+02,
       0.00000000e+00, 0.00000000e+00, 0.00000000e+00, 0.00000000e+00,
       9.99995612e-01, 0.00000000e+00, 0.00000000e+00, 2.54992980e+02,
       2.54914269e+02, 9.99670442e-01, 3.95329756e-05, 9.99669740e-01,
       1.75507106e-07, 1.29875258e-05, 0.00000000e+00, 3.18545397e-05,
       0.00000000e+00, 4.99997806e+00]), array([3.06459672e+01, 0.00000000e+00, 1.30620985e-01, 7.85153462e-03,
       2.69571734e+02, 3.18272955e+04, 0.00000000e+00, 0.00000000e+00,
       1.42755175e-03, 4.92505353e-02, 0.00000000e+00, 9.99286224e-01,
       4.49678801e-02, 2.85510350e-03, 0.00000000e+00, 4.78229836e-02,
       2.92648108e-02, 7.13775874e-04, 2.14132762e-03, 0.00000000e+00,
       0.00000000e+00, 0.00000000e+00, 5.02284083e+00, 7.67166310e+00,
       4.11848680e-03, 3.97573162e-03, 1.89864383e-03, 3.49750178e-03,
       1.00000000e+00, 0.00000000e+00, 1.12341185e-01, 1.37365453e+02,
       2.46435403e+02, 9.85446110e-01, 2.00571021e-03, 6.71234832e-02,
       2.30977873e-02, 2.91934333e-03, 1.77016417e-03, 9.60028551e-03,
       1.07780157e-02, 3.71163455e-02]), array([7.16981132e-01, 0.00000000e+00, 1.05943396e+01, 1.52830189e+00,
       3.38046038e+04, 1.16706604e+03, 0.00000000e+00, 0.00000000e+00,
       0.00000000e+00, 1.98113208e-01, 0.00000000e+00, 8.30188679e-01,
       1.88679245e-02, 0.00000000e+00, 0.00000000e+00, 0.00000000e+00,
       0.00000000e+00, 0.00000000e+00, 0.00000000e+00, 0.00000000e+00,
       0.00000000e+00, 0.00000000e+00, 9.43396226e+00, 9.33962264e+00,
       2.16981132e-03, 5.66037736e-04, 1.01415094e-01, 1.03773585e-01,
       9.80943396e-01, 1.19811321e-02, 4.44339623e-02, 1.44377358e+02,
       9.38962264e+01, 5.33867925e-01, 5.81132075e-02, 3.16132075e-01,
       1.26415094e-02, 9.81132075e-03, 2.83018868e-03, 5.87735849e-02,
       4.74528302e-02, 2.45283019e+00])]
6458172817507.836
2117099264.698754
4299204760.126798
76778595565.05301
4370365731.875955
0.0
75550243750.14536
670574088174.7589
25856257016.352932
485719032467.1763
93390050799.25665
25161088005.804234
12876555202.762737
32226759944.750675
2852795736585.315
20014092202.98051
74546493.92595416
262611832364.3508
141803458967338.88
24910516279.909824
42613362.67971128
54594989067.12513
4791925367.372628
