Time elapsed: 3.055892Amount of centers: 23Final centers: [array([2.0229500e+04, 0.0000000e+00, 1.6500000e+01, 4.5000000e+00,
       1.5342943e+08, 3.5143260e+06, 0.0000000e+00, 0.0000000e+00,
       0.0000000e+00, 0.0000000e+00, 0.0000000e+00, 5.0000000e-01,
       0.0000000e+00, 0.0000000e+00, 0.0000000e+00, 0.0000000e+00,
       0.0000000e+00, 0.0000000e+00, 0.0000000e+00, 0.0000000e+00,
       0.0000000e+00, 0.0000000e+00, 1.0000000e+00, 1.0000000e+00,
       0.0000000e+00, 0.0000000e+00, 5.0000000e-01, 5.0000000e-01,
       1.0000000e+00, 0.0000000e+00, 0.0000000e+00, 1.6700000e+02,
       8.1500000e+01, 4.1000000e-01, 7.0000000e-02, 5.0000000e-02,
       5.0000000e-03, 0.0000000e+00, 0.0000000e+00, 4.5000000e-02,
       5.0000000e-03, 4.5000000e+00]), array([3.53245000e+04, 0.00000000e+00, 9.50000000e+00, 9.00000000e+00,
       1.27374169e+09, 0.00000000e+00, 0.00000000e+00, 0.00000000e+00,
       0.00000000e+00, 0.00000000e+00, 0.00000000e+00, 0.00000000e+00,
       0.00000000e+00, 0.00000000e+00, 0.00000000e+00, 0.00000000e+00,
       0.00000000e+00, 0.00000000e+00, 0.00000000e+00, 0.00000000e+00,
       0.00000000e+00, 0.00000000e+00, 1.00000000e+00, 1.00000000e+00,
       0.00000000e+00, 0.00000000e+00, 1.00000000e+00, 1.00000000e+00,
       1.00000000e+00, 0.00000000e+00, 0.00000000e+00, 7.85000000e+01,
       1.00000000e+00, 1.00000000e-02, 1.20000000e-01, 8.00000000e-02,
       0.00000000e+00, 0.00000000e+00, 0.00000000e+00, 8.00000000e-02,
       1.00000000e+00, 9.00000000e+00]), array([2.46476667e+04, 0.00000000e+00, 1.33333333e+01, 8.00000000e+00,
       5.65551131e+08, 0.00000000e+00, 0.00000000e+00, 0.00000000e+00,
       0.00000000e+00, 3.33333333e-01, 0.00000000e+00, 0.00000000e+00,
       0.00000000e+00, 0.00000000e+00, 0.00000000e+00, 0.00000000e+00,
       0.00000000e+00, 0.00000000e+00, 0.00000000e+00, 0.00000000e+00,
       0.00000000e+00, 0.00000000e+00, 1.96666667e+01, 1.66666667e+00,
       2.63333333e-01, 2.23333333e-01, 7.36666667e-01, 7.76666667e-01,
       6.83333333e-01, 1.30000000e-01, 0.00000000e+00, 1.35666667e+02,
       2.00000000e+00, 1.66666667e-02, 9.66666667e-02, 1.10000000e-01,
       0.00000000e+00, 6.00000000e-02, 2.23333333e-01, 5.33333333e-02,
       6.10000000e-01, 9.00000000e+00]), array([1.12877215e+03, 0.00000000e+00, 1.48354430e+01, 1.51898734e-01,
       3.28185140e+06, 2.56695823e+04, 0.00000000e+00, 0.00000000e+00,
       0.00000000e+00, 5.06329114e-01, 0.00000000e+00, 7.91139241e-01,
       0.00000000e+00, 0.00000000e+00, 0.00000000e+00, 0.00000000e+00,
       0.00000000e+00, 0.00000000e+00, 0.00000000e+00, 0.00000000e+00,
       0.00000000e+00, 0.00000000e+00, 1.59810127e+00, 1.66455696e+00,
       1.84493671e-02, 1.94303797e-02, 9.49367089e-03, 9.49367089e-03,
       9.77405063e-01, 4.12341772e-02, 4.38291139e-02, 1.06449367e+02,
       5.46455696e+01, 4.34462025e-01, 8.25316456e-02, 4.37563291e-01,
       3.83227848e-02, 1.45886076e-02, 8.76582278e-03, 1.32278481e-02,
       7.31012658e-03, 3.85443038e+00]), array([1.28689317e+01, 0.00000000e+00, 1.00070492e-01, 1.46919695e-02,
       2.61200911e+02, 8.61880338e+03, 0.00000000e+00, 0.00000000e+00,
       8.34770994e-05, 5.73209416e-03, 1.11302799e-04, 9.99183779e-01,
       6.46483759e-03, 4.54486430e-04, 1.29853266e-04, 3.58951528e-03,
       5.97325023e-03, 5.56513996e-05, 8.99697627e-04, 0.00000000e+00,
       9.27523327e-06, 9.27523327e-06, 8.14488842e+00, 1.11764799e+01,
       1.95586844e-03, 2.44819782e-03, 1.80087929e-03, 2.91529857e-03,
       9.99636318e-01, 6.22089896e-04, 1.07929119e-01, 1.17022808e+02,
       2.46213330e+02, 9.93363385e-01, 9.58780863e-04, 7.34348044e-02,
       2.51522066e-02, 1.75969726e-03, 1.18314876e-03, 5.99616005e-03,
       9.37410726e-03, 1.60461536e-03]), array([6.99448276e+01, 0.00000000e+00, 1.63655172e+01, 8.27586207e-02,
       5.31206745e+05, 1.62406897e+04, 0.00000000e+00, 0.00000000e+00,
       0.00000000e+00, 0.00000000e+00, 0.00000000e+00, 7.93103448e-01,
       0.00000000e+00, 0.00000000e+00, 0.00000000e+00, 2.75862069e-02,
       0.00000000e+00, 0.00000000e+00, 0.00000000e+00, 0.00000000e+00,
       0.00000000e+00, 0.00000000e+00, 1.65517241e+00, 1.87586207e+00,
       1.72413793e-02, 1.72413793e-02, 3.44827586e-03, 3.44827586e-03,
       9.96551724e-01, 6.89655172e-03, 3.77241379e-02, 1.19344828e+02,
       5.38344828e+01, 3.34758621e-01, 8.73793103e-02, 3.00000000e-01,
       2.71034483e-02, 3.31034483e-02, 1.71034483e-02, 2.40689655e-02,
       1.07586207e-02, 0.00000000e+00]), array([2.48176907e+00, 0.00000000e+00, 3.48615800e+00, 1.60364619e-01,
       6.72355463e+04, 6.44662762e+03, 0.00000000e+00, 0.00000000e+00,
       0.00000000e+00, 1.44463201e+00, 0.00000000e+00, 9.47332883e-01,
       7.15057394e-01, 3.37609723e-04, 0.00000000e+00, 6.31330182e-02,
       0.00000000e+00, 0.00000000e+00, 0.00000000e+00, 0.00000000e+00,
       0.00000000e+00, 0.00000000e+00, 4.29675895e+00, 4.52093180e+00,
       4.51384200e-03, 4.74679271e-03, 2.42370020e-02, 6.51485483e-02,
       9.94324781e-01, 8.10600945e-03, 1.07521945e-01, 1.86118163e+02,
       1.71964551e+02, 8.41590142e-01, 2.06279541e-02, 9.58710331e-02,
       5.42538825e-03, 3.53814990e-03, 2.82579338e-03, 3.76941256e-02,
       3.50135044e-02, 9.50202566e+00]), array([2.17517241e+02, 0.00000000e+00, 3.96551724e+00, 1.03448276e-01,
       5.63413793e+02, 2.95402590e+06, 0.00000000e+00, 0.00000000e+00,
       0.00000000e+00, 0.00000000e+00, 1.03448276e-01, 1.00000000e+00,
       6.05862069e+01, 6.89655172e-02, 1.37931034e-01, 6.04137931e+01,
       0.00000000e+00, 0.00000000e+00, 0.00000000e+00, 0.00000000e+00,
       0.00000000e+00, 0.00000000e+00, 1.31034483e+00, 1.31034483e+00,
       6.89655172e-02, 6.89655172e-02, 0.00000000e+00, 0.00000000e+00,
       1.00000000e+00, 0.00000000e+00, 0.00000000e+00, 1.30689655e+02,
       7.09655172e+01, 3.75517241e-01, 5.03448276e-02, 1.79310345e-02,
       2.82758621e-02, 5.86206897e-03, 7.24137931e-03, 2.68965517e-02,
       2.24137931e-02, 0.00000000e+00]), array([5.17500000e+01, 0.00000000e+00, 4.89473684e+00, 1.31578947e-02,
       6.00263158e+02, 1.50001801e+06, 0.00000000e+00, 0.00000000e+00,
       0.00000000e+00, 1.97368421e-02, 0.00000000e+00, 9.93421053e-01,
       5.92105263e-02, 6.57894737e-03, 0.00000000e+00, 1.97368421e-02,
       1.31578947e-02, 0.00000000e+00, 0.00000000e+00, 0.00000000e+00,
       0.00000000e+00, 0.00000000e+00, 1.05921053e+00, 1.09210526e+00,
       6.57894737e-03, 6.57894737e-03, 0.00000000e+00, 0.00000000e+00,
       9.90131579e-01, 1.97368421e-02, 7.69736842e-03, 1.33236842e+02,
       3.13618421e+01, 2.25723684e-01, 6.57894737e-02, 2.97368421e-02,
       3.13815789e-02, 3.09210526e-03, 4.07894737e-03, 7.50000000e-03,
       1.57894737e-03, 1.25000000e-01]), array([3.02660000e+04, 0.00000000e+00, 1.13333333e+01, 8.00000000e+00,
       0.00000000e+00, 7.03506507e+08, 0.00000000e+00, 0.00000000e+00,
       0.00000000e+00, 0.00000000e+00, 0.00000000e+00, 0.00000000e+00,
       0.00000000e+00, 0.00000000e+00, 0.00000000e+00, 0.00000000e+00,
       0.00000000e+00, 0.00000000e+00, 0.00000000e+00, 0.00000000e+00,
       0.00000000e+00, 0.00000000e+00, 1.33333333e+00, 1.33333333e+00,
       0.00000000e+00, 0.00000000e+00, 1.00000000e+00, 1.00000000e+00,
       1.00000000e+00, 0.00000000e+00, 0.00000000e+00, 2.55000000e+02,
       1.33333333e+00, 3.33333333e-03, 5.50000000e-01, 1.00000000e+00,
       0.00000000e+00, 0.00000000e+00, 0.00000000e+00, 1.00000000e+00,
       1.00000000e+00, 9.00000000e+00]), array([5.29066623e+01, 0.00000000e+00, 8.62492830e-02, 1.35622388e-02,
       2.56822257e+02, 2.41158227e+04, 0.00000000e+00, 0.00000000e+00,
       0.00000000e+00, 1.85200361e-02, 8.19470622e-05, 9.99508318e-01,
       6.47381791e-02, 1.22920593e-03, 7.78497091e-04, 5.57240023e-02,
       6.09276407e-02, 4.09735311e-05, 2.29451774e-03, 0.00000000e+00,
       0.00000000e+00, 0.00000000e+00, 5.93550766e+00, 8.55707613e+00,
       4.45013521e-03, 4.73735967e-03, 1.15914119e-03, 2.31787265e-03,
       9.99659510e-01, 5.62566582e-04, 1.12664918e-01, 1.24354257e+02,
       2.45613251e+02, 9.86899123e-01, 1.71761042e-03, 8.49217406e-02,
       2.48623289e-02, 3.71916742e-03, 2.09907400e-03, 7.14619356e-03,
       1.03454069e-02, 2.29451774e-03]), array([4.29805616e-01, 0.00000000e+00, 1.20518359e+01, 2.65658747e-01,
       3.43733661e+04, 3.55166307e+02, 0.00000000e+00, 0.00000000e+00,
       0.00000000e+00, 3.34773218e-02, 0.00000000e+00, 8.16414687e-01,
       4.31965443e-03, 0.00000000e+00, 0.00000000e+00, 1.07991361e-03,
       0.00000000e+00, 0.00000000e+00, 0.00000000e+00, 0.00000000e+00,
       0.00000000e+00, 0.00000000e+00, 9.84881210e+00, 9.78509719e+00,
       2.49460043e-03, 2.36501080e-03, 1.54967603e-02, 1.54103672e-02,
       9.72516199e-01, 1.93628510e-02, 8.40820734e-02, 1.33613391e+02,
       8.11004320e+01, 4.41036717e-01, 6.58207343e-02, 3.44913607e-01,
       1.81425486e-02, 9.92440605e-03, 5.06479482e-03, 1.75485961e-02,
       7.13822894e-03, 3.79049676e-01]), array([7.94118982e-05, 1.99604264e+00, 9.00875043e+00, 3.78151896e-06,
       5.20370882e+02, 2.93634947e-03, 0.00000000e+00, 0.00000000e+00,
       0.00000000e+00, 3.78151896e-06, 0.00000000e+00, 1.32542240e-03,
       0.00000000e+00, 0.00000000e+00, 0.00000000e+00, 7.55547488e-03,
       0.00000000e+00, 0.00000000e+00, 0.00000000e+00, 0.00000000e+00,
       0.00000000e+00, 0.00000000e+00, 4.92181295e+02, 4.92181375e+02,
       6.03152274e-06, 2.74160125e-06, 0.00000000e+00, 0.00000000e+00,
       9.99985989e-01, 1.98340669e-05, 1.03727065e-04, 2.54771061e+02,
       2.54644615e+02, 9.98982563e-01, 8.59161108e-05, 9.98983339e-01,
       2.66597087e-05, 6.52312021e-06, 3.17647593e-06, 2.34454176e-05,
       4.53782275e-07, 4.98826784e+00]), array([2.54853960e+02, 0.00000000e+00, 3.40594059e+00, 9.90099010e-03,
       5.28113861e+02, 3.23131755e+05, 0.00000000e+00, 0.00000000e+00,
       1.23762376e-02, 3.96039604e-02, 9.90099010e-03, 9.95049505e-01,
       1.00792079e+01, 1.73267327e-02, 2.97029703e-02, 1.07599010e+01,
       2.72277228e-02, 0.00000000e+00, 5.19801980e-02, 0.00000000e+00,
       0.00000000e+00, 0.00000000e+00, 1.38366337e+00, 2.14108911e+00,
       6.18811881e-03, 7.42574257e-03, 0.00000000e+00, 1.26485149e-02,
       9.92574257e-01, 1.48514851e-02, 4.47772277e-02, 1.46111386e+02,
       9.60767327e+01, 4.52252475e-01, 5.00742574e-02, 3.93811881e-02,
       2.53960396e-02, 6.21287129e-03, 5.44554455e-03, 7.84653465e-03,
       4.92574257e-03, 4.45544554e-02]), array([7.78391821e-01, 0.00000000e+00, 1.03460440e+01, 4.78953670e-03,
       5.52608658e+03, 1.00000184e+02, 0.00000000e+00, 0.00000000e+00,
       0.00000000e+00, 2.76319425e-04, 0.00000000e+00, 8.41116330e-01,
       0.00000000e+00, 0.00000000e+00, 0.00000000e+00, 0.00000000e+00,
       3.62899512e-02, 3.10398821e-02, 3.50004605e-03, 0.00000000e+00,
       0.00000000e+00, 0.00000000e+00, 7.41807129e+00, 7.50474348e+00,
       2.34318873e-03, 1.41107120e-03, 2.30266188e-04, 2.30266188e-04,
       9.75722575e-01, 2.54158607e-02, 1.50144607e-01, 1.28648153e+02,
       8.71236990e+01, 4.58142212e-01, 6.78769457e-02, 2.89336833e-01,
       1.82693193e-02, 6.74219398e-03, 3.03398729e-03, 1.02127660e-02,
       5.76586534e-04, 5.89481441e-02]), array([1.28333251e+04, 8.85839416e-01, 1.05615572e+01, 8.00097324e-01,
       1.82206910e+02, 2.94823260e+02, 0.00000000e+00, 0.00000000e+00,
       0.00000000e+00, 1.95620438e-02, 2.91970803e-04, 2.40389294e-02,
       5.54744526e-03, 0.00000000e+00, 0.00000000e+00, 1.07055961e-03,
       4.85644769e-02, 0.00000000e+00, 7.78588808e-04, 0.00000000e+00,
       0.00000000e+00, 2.23844282e-03, 1.70024331e+00, 1.30423358e+00,
       1.17761557e-04, 0.00000000e+00, 9.92019465e-02, 1.00289051e-01,
       9.07986375e-01, 9.30374696e-02, 2.28710462e-04, 2.44912895e+02,
       2.19892944e+00, 1.38111922e-02, 6.91772263e-01, 9.21742092e-01,
       4.80778589e-04, 2.23746959e-03, 2.14014599e-03, 8.31299270e-02,
       9.67396594e-02, 8.16253041e-01]), array([1.15477273e+03, 0.00000000e+00, 1.27272727e+01, 0.00000000e+00,
       1.68181818e+01, 5.53314618e+06, 0.00000000e+00, 0.00000000e+00,
       0.00000000e+00, 0.00000000e+00, 0.00000000e+00, 9.09090909e-02,
       0.00000000e+00, 0.00000000e+00, 0.00000000e+00, 0.00000000e+00,
       0.00000000e+00, 0.00000000e+00, 0.00000000e+00, 0.00000000e+00,
       0.00000000e+00, 0.00000000e+00, 1.09090909e+00, 1.09090909e+00,
       0.00000000e+00, 0.00000000e+00, 0.00000000e+00, 0.00000000e+00,
       1.00000000e+00, 0.00000000e+00, 0.00000000e+00, 7.70909091e+01,
       4.47272727e+01, 8.30000000e-01, 4.54545455e-03, 6.84545455e-01,
       1.36363636e-03, 1.70909091e-01, 1.96363636e-01, 0.00000000e+00,
       0.00000000e+00, 1.29545455e+01]), array([3.12222222e+00, 0.00000000e+00, 9.83514212e+00, 2.48062016e-02,
       1.25188394e+04, 4.14965762e+02, 0.00000000e+00, 0.00000000e+00,
       0.00000000e+00, 2.58397933e-03, 0.00000000e+00, 8.54780362e-01,
       1.03359173e-03, 0.00000000e+00, 0.00000000e+00, 0.00000000e+00,
       7.09302326e-02, 0.00000000e+00, 2.42894057e-02, 0.00000000e+00,
       0.00000000e+00, 0.00000000e+00, 5.48255814e+00, 5.55736434e+00,
       3.35012920e-03, 2.39664083e-03, 1.74806202e-03, 1.71963824e-03,
       9.85392765e-01, 1.57015504e-02, 1.68413437e-01, 1.23934496e+02,
       9.08063307e+01, 4.66664083e-01, 6.63462532e-02, 2.67210594e-01,
       1.80348837e-02, 9.54780362e-03, 2.84883721e-03, 1.33152455e-02,
       1.77777778e-03, 1.89922481e-02]), array([1.40225747e+02, 0.00000000e+00, 2.84765769e-01, 1.99188491e-02,
       3.85419034e+02, 5.13362086e+04, 0.00000000e+00, 0.00000000e+00,
       3.31980819e-03, 4.03909996e-02, 7.37735153e-04, 9.99446699e-01,
       1.00424198e+00, 6.27074880e-03, 7.93065290e-03, 1.13740317e+00,
       1.01069716e-01, 0.00000000e+00, 1.54924382e-02, 0.00000000e+00,
       0.00000000e+00, 0.00000000e+00, 5.00903726e+00, 7.47067503e+00,
       7.52489856e-03, 8.08557728e-03, 1.20250830e-03, 2.93249723e-03,
       9.99481741e-01, 8.52084102e-04, 1.11932866e-01, 1.01564367e+02,
       2.39075802e+02, 9.69372925e-01, 3.99114718e-03, 9.14846920e-02,
       2.84599779e-02, 5.81888602e-03, 5.47583917e-03, 8.41940243e-03,
       1.16635928e-02, 4.24197713e-03]), array([6.90294118e+01, 0.00000000e+00, 4.07352941e+00, 2.20588235e-02,
       5.86794118e+02, 6.65955632e+05, 0.00000000e+00, 0.00000000e+00,
       0.00000000e+00, 2.64705882e-01, 0.00000000e+00, 9.77941176e-01,
       5.50220588e+01, 8.08823529e-02, 0.00000000e+00, 5.49117647e+01,
       1.47058824e-02, 0.00000000e+00, 0.00000000e+00, 0.00000000e+00,
       0.00000000e+00, 0.00000000e+00, 1.52941176e+00, 2.07352941e+00,
       1.10294118e-02, 7.86764706e-03, 0.00000000e+00, 0.00000000e+00,
       9.96323529e-01, 7.35294118e-03, 3.39705882e-02, 1.15485294e+02,
       7.91250000e+01, 4.04044118e-01, 4.25735294e-02, 4.16176471e-02,
       3.61764706e-02, 4.26470588e-03, 4.04411765e-03, 1.47058824e-02,
       2.05147059e-02, 2.35294118e-01]), array([5.41882045e+01, 1.27934293e-01, 8.87611187e+00, 4.08718074e+00,
       8.45732506e+01, 3.44697468e+02, 1.51948055e-05, 1.58405848e-03,
       2.71335813e-06, 2.96472363e-02, 6.56632668e-05, 2.55486003e-01,
       4.81349733e-04, 8.68274603e-05, 1.03107609e-05, 1.10395689e-02,
       2.13269949e-04, 1.08534325e-05, 1.88686925e-03, 0.00000000e+00,
       5.42671627e-07, 2.20704551e-03, 1.17102009e+02, 1.13131568e+01,
       4.72812152e-01, 4.72957761e-01, 1.52538943e-01, 1.52547800e-01,
       4.42969461e-01, 5.41875853e-02, 4.79893853e-02, 2.13855568e+02,
       8.95381061e+01, 3.73652261e-01, 7.39711190e-02, 6.81872271e-02,
       1.45418630e-02, 4.72811858e-01, 4.72591230e-01, 1.52504994e-01,
       1.51877546e-01, 2.60643934e+00]), array([9.71713846e+02, 0.00000000e+00, 1.58153846e+00, 7.23076923e-02,
       4.25401538e+02, 1.40227025e+05, 0.00000000e+00, 0.00000000e+00,
       3.07692308e-03, 1.35384615e-01, 1.23076923e-02, 9.96923077e-01,
       2.38338462e+01, 4.92307692e-02, 1.03076923e-01, 2.63707692e+01,
       1.67692308e-01, 0.00000000e+00, 2.04615385e-01, 0.00000000e+00,
       0.00000000e+00, 0.00000000e+00, 4.41230769e+00, 5.66307692e+00,
       1.24307692e-02, 7.04615385e-03, 8.41538462e-03, 8.13846154e-03,
       9.96953846e-01, 2.30769231e-04, 6.22923077e-02, 9.65492308e+01,
       1.69420000e+02, 7.46015385e-01, 2.50923077e-02, 6.44153846e-02,
       3.54307692e-02, 1.92615385e-02, 1.39846154e-02, 7.58461538e-03,
       9.76923077e-03, 0.00000000e+00]), array([7.62424285e-02, 1.93704083e+00, 8.78337868e+00, 3.99228385e-05,
       1.04634912e+03, 9.88647644e+00, 0.00000000e+00, 1.10000161e-04,
       0.00000000e+00, 6.96526118e-05, 0.00000000e+00, 3.08960299e-02,
       4.67182153e-06, 2.97297733e-06, 8.49422096e-07, 8.23939433e-05,
       5.03282592e-04, 0.00000000e+00, 3.82239943e-04, 0.00000000e+00,
       0.00000000e+00, 0.00000000e+00, 4.94164223e+02, 4.94180580e+02,
       2.19618083e-05, 2.97170320e-05, 5.09653257e-06, 8.16294634e-06,
       9.99430654e-01, 1.00980573e-03, 1.33945922e-02, 2.50771310e+02,
       2.50959608e+02, 9.87910906e-01, 2.26764271e-03, 9.69940485e-01,
       4.01177809e-04, 2.40127379e-04, 7.56452847e-05, 2.68005413e-04,
       4.11502534e-05, 4.84315463e+00])]